v 1.0 0.0 0.0
v 0.995 0.0 0.0998
v 0.9801 0.0 0.1987
v 0.9553 0.0 0.2955
v 0.9211 0.0 0.3894
v 0.8776 0.0 0.4794
v 0.8253 0.0 0.5646
v 0.7648 0.0 0.6442
v 0.6967 0.0 0.7174
v 0.6216 0.0 0.7833
v 0.5403 0.0 0.8415
v 0.4536 0.0 0.8912
v 0.3624 0.0 0.932
v 0.2675 0.0 0.9636
v 0.1700 0.0 0.9854
v 0.0707 0.0 0.9975
v -0.0292 0.0 0.9996
v -0.1288 0.0 0.9916
v -0.2272 0.0 0.9738
v -0.3233 0.0 0.9463
v -0.4161 0.0 0.9093
v -0.5048 0.0 0.8632
v -0.5885 0.0 0.8085
v -0.6663 0.0 0.7457
v -0.7374 0.0 0.6755
v -0.8011 0.0 0.5985
v -0.8569 0.0 0.5150
v -0.9041 0.0 0.4255
v -0.9422 0.0 0.3304
v -0.9707 0.0 0.2308
v -0.9894 0.0 0.1273
v -0.9980 0.0 0.0219
v -0.9962 0.0 -0.0849
v -0.9844 0.0 -0.1833
v -0.9627 0.0 -0.2813
v -0.9314 0.0 -0.3779
v -0.8912 0.0 -0.4721
v -0.8423 0.0 -0.5630
v -0.7850 0.0 -0.6496
v -0.7204 0.0 -0.7310
v -0.6489 0.0 -0.8064
v -0.5711 0.0 -0.8752
v -0.4872 0.0 -0.9365
v -0.3979 0.0 -0.9894
v -0.3036 0.0 -1.0334
v -0.2047 0.0 -1.0680
v -0.1018 0.0 -1.0925
v 0.0048 0.0 -1.1060
v 0.1118 0.0 -1.1082
v 0.2180 0.0 -1.0987
v 0.3223 0.0 -1.0774
v 0.4235 0.0 -1.0441
v 0.5205 0.0 -0.9986
v 0.6123 0.0 -0.9406
v 0.6978 0.0 -0.8703
v 0.7757 0.0 -0.7878
v 0.8450 0.0 -0.6936
v 0.9048 0.0 -0.5880
v 0.9540 0.0 -0.4718
v 0.9917 0.0 -0.3457
v 1.0169 0.0 -0.2110
v 1.0290 0.0 -0.0691
v 1.0272 0.0 0.0765
v 1.0108 0.0 0.2241
v 0.9793 0.0 0.3722
v 0.9324 0.0 0.5192
v 0.8697 0.0 0.6636
v 0.7910 0.0 0.8039
v 0.6964 0.0 0.9387
v 0.5860 0.0 1.0664
v 0.4600 0.0 1.1855
v 0.3190 0.0 1.2946
v 0.1634 0.0 1.3922
v 0.0041 0.0 1.4769
